4468800
5470800
1411200
1123000
774500
516500
435900
420300
519000
568000
802900
681000
433600
426400
489900
441400
511500
484100
590200
573700
595400
585400
763700
583700
604200
536000
429900
430300
431500
429300
492000
606900
432900
427900
423700
425400
429800
422600
426000
431600
653300
816000
420800
415700
417500
423900
436900
423600
428200
426400
418700
428600
430100
431700
537000
427500
609700
577100
518900
430300
426500
427400
427200
594100
621800
606600
607500
446900
607300
624200
612500
637600
579600
635700
585000
589800
544700
553000
553900
454500
427700
428200
503200
599000
432300
616700
616000
602700
601300
616600
623500
580400
607600
620700
605700
607200
595100
602000
611100
567700
597800
544800
558800
563200
579200
578500
578400
835600
621800
606400
456900
449800
428500
425000
426900
426900
443300
427600
428800
432900
422500
436900
424800
493600
435300
494800
495700
439600
509800
511800
520900
497500
426300
425400
422000
424400
425500
428000
434700
429000
713100
573100
589900
592200
594200
597800
594800
576200
596700
456400
425200
424000
423800
427300
426800
436800
437000
442400
438800
433000
437400
566600
589900
576900
564000
567600
567000
626700
522000
643600
433700
425900
427500
499800
591000
572400
587600
591600
587300
595300
581000
593100
474600
428100
425200
430200
442800
517500
454800
611900
643600
592600
574700
589600
575100
587600
595200
845700
558400
553900
475600
429900
581600
570600
566800
578900
544400
564800
563300
612200
609600
1834200
564100
580700
594500
588800
590800
516400
428100
424500
434700
429400
575500
570900
571400
579300
563700
553000
439800
428000
425000
427500
477700
432700
428400
594900
566000
578100
579200
586400
570800
576700
566600
578800
558700
562100
567800
568900
567300
430900
720900
428900
422700
520300
607100
612800
588700
597000
601800
598600
574700
574700
567800
578000
575900
585000
594100
579700
571200
568200
566300
595200
603700
597600
602700
624400
774600
606500
614400
556700
588100
517000
720600
579200
565400
585500
633300
1779700
560400
577800
535900
584800
553000
592100
585300
563500
545500
547100
846000
600700
570200
560100
564500
546400
553200
575600
590500
563100
560700
568000
437900
554800
631000
623200
626900
621100
433800
470900
426700
580100
544600
616900
1149700
539800
1320900
555900
571200
556800
578000
1381700
1786000
539700
611700
534200
558300
547600
541100
540300
545300
573400
653300
577900
595900
1013000
524400
762100
660500
620800
544800
433400
431000
441000
486700
471000
560000
465400
430600
426500
432100
426600
456800
424500
424400
424500
425600
433600
425500
424700
426600
435700
465100
440300
422600
421300
994800
440800
431900
476100
614300
629000
462900
478400
497400
512400
582100
570200
566800
569700
562000
554400
576900
576800
589200
581500
594000
570900
595200
566600
584600
653500
561700
483400
433600
495200
432600
436200
441700
466600
517500
449100
426400
417300
430600
425300
418900
415700
417500
423700
418100
421400
419500
423100
424900
433300
429500
440000
438300
430500
426800
436700
434500
463400
480100
537400
505900
434000
423900
417800
418300
424700
416000
423300
422900
423200
474200
514900
537000
503700
441700
466500
436800
426800
427300
433900
531500
480900
435000
437900
428200
562400
555100
569800
770400
548800
552200
570100
588700
595900
627400
581500
566000
582500
584300
613500
431300
547200
551800
574600
583500
572400
567900
591400
584000
586100
576800
579800
582400
876600
512300
500200
532100
602600
632700
531500
550900
606700
567300
609600
530500
522900
